-0.782675 3 1 0 0 0 0 0 0 0 0 0 0
0.825617 3 0 1 0 0 0 0 0 0 0 0 0
0.747701 3 0 0 1 0 0 0 0 0 0 0 0
-0.526036 3 0 0 0 1 0 0 0 0 0 0 0
-0.811464 3 0 0 0 0 1 0 0 0 0 0 0
-0.526655 3 0 0 0 0 0 1 0 0 0 0 0
-0.155931 3 0 0 0 0 0 0 1 0 0 0 0
-0.087347 3 0 0 0 0 0 0 0 1 0 0 0
-0.860028 3 0 0 0 0 0 0 0 0 1 0 0
-0.484117 3 0 0 0 0 0 0 0 0 0 1 0
-0.508308 3 0 0 0 0 0 0 0 0 0 0 1
0.621236 1 3 0 0 0 0 0 0 0 0 0 0
0.253998 0 3 1 0 0 0 0 0 0 0 0 0
0.684009 0 3 0 1 0 0 0 0 0 0 0 0
-0.524999 0 3 0 0 1 0 0 0 0 0 0 0
0.958652 0 3 0 0 0 1 0 0 0 0 0 0
0.594623 0 3 0 0 0 0 1 0 0 0 0 0
0.607563 0 3 0 0 0 0 0 1 0 0 0 0
-0.598870 0 3 0 0 0 0 0 0 1 0 0 0
-0.914790 0 3 0 0 0 0 0 0 0 1 0 0
0.146709 0 3 0 0 0 0 0 0 0 0 1 0
0.326540 0 3 0 0 0 0 0 0 0 0 0 1
-0.181372 1 0 3 0 0 0 0 0 0 0 0 0
-0.645859 0 1 3 0 0 0 0 0 0 0 0 0
-0.992613 0 0 3 1 0 0 0 0 0 0 0 0
-0.537146 0 0 3 0 1 0 0 0 0 0 0 0
-0.564163 0 0 3 0 0 1 0 0 0 0 0 0
-0.473758 0 0 3 0 0 0 1 0 0 0 0 0
0.842726 0 0 3 0 0 0 0 1 0 0 0 0
0.198848 0 0 3 0 0 0 0 0 1 0 0 0
-0.878127 0 0 3 0 0 0 0 0 0 1 0 0
-0.315671 0 0 3 0 0 0 0 0 0 0 1 0
-0.633042 0 0 3 0 0 0 0 0 0 0 0 1
-0.836508 1 0 0 3 0 0 0 0 0 0 0 0
0.356086 0 1 0 3 0 0 0 0 0 0 0 0
-0.595953 0 0 1 3 0 0 0 0 0 0 0 0
-0.046688 0 0 0 3 1 0 0 0 0 0 0 0
-0.168112 0 0 0 3 0 1 0 0 0 0 0 0
-0.419246 0 0 0 3 0 0 1 0 0 0 0 0
-0.769438 0 0 0 3 0 0 0 1 0 0 0 0
0.689486 0 0 0 3 0 0 0 0 1 0 0 0
0.752976 0 0 0 3 0 0 0 0 0 1 0 0
0.584137 0 0 0 3 0 0 0 0 0 0 1 0
-0.115178 0 0 0 3 0 0 0 0 0 0 0 1
-0.612338 1 0 0 0 3 0 0 0 0 0 0 0
-0.518645 0 1 0 0 3 0 0 0 0 0 0 0
0.663078 0 0 1 0 3 0 0 0 0 0 0 0
0.056579 0 0 0 1 3 0 0 0 0 0 0 0
-0.046229 0 0 0 0 3 1 0 0 0 0 0 0
0.259952 0 0 0 0 3 0 1 0 0 0 0 0
0.247657 0 0 0 0 3 0 0 1 0 0 0 0
-0.095730 0 0 0 0 3 0 0 0 1 0 0 0
0.509075 0 0 0 0 3 0 0 0 0 1 0 0
-0.676661 0 0 0 0 3 0 0 0 0 0 1 0
-0.025192 0 0 0 0 3 0 0 0 0 0 0 1
0.126855 1 0 0 0 0 3 0 0 0 0 0 0
0.202555 0 1 0 0 0 3 0 0 0 0 0 0
-0.428476 0 0 1 0 0 3 0 0 0 0 0 0
-0.572573 0 0 0 1 0 3 0 0 0 0 0 0
-0.260590 0 0 0 0 1 3 0 0 0 0 0 0
0.608504 0 0 0 0 0 3 1 0 0 0 0 0
0.080126 0 0 0 0 0 3 0 1 0 0 0 0
0.968380 0 0 0 0 0 3 0 0 1 0 0 0
-0.976013 0 0 0 0 0 3 0 0 0 1 0 0
-0.315739 0 0 0 0 0 3 0 0 0 0 1 0
0.964115 0 0 0 0 0 3 0 0 0 0 0 1
0.426065 1 0 0 0 0 0 3 0 0 0 0 0
-0.918191 0 1 0 0 0 0 3 0 0 0 0 0
0.355696 0 0 1 0 0 0 3 0 0 0 0 0
0.935581 0 0 0 1 0 0 3 0 0 0 0 0
0.781248 0 0 0 0 1 0 3 0 0 0 0 0
0.038362 0 0 0 0 0 1 3 0 0 0 0 0
0.111326 0 0 0 0 0 0 3 1 0 0 0 0
0.107332 0 0 0 0 0 0 3 0 1 0 0 0
-0.577344 0 0 0 0 0 0 3 0 0 1 0 0
-0.656603 0 0 0 0 0 0 3 0 0 0 1 0
-0.478099 0 0 0 0 0 0 3 0 0 0 0 1
0.949868 1 0 0 0 0 0 0 3 0 0 0 0
0.642310 0 1 0 0 0 0 0 3 0 0 0 0
0.696468 0 0 1 0 0 0 0 3 0 0 0 0
0.143520 0 0 0 1 0 0 0 3 0 0 0 0
-0.107237 0 0 0 0 1 0 0 3 0 0 0 0
-0.417449 0 0 0 0 0 1 0 3 0 0 0 0
-0.415218 0 0 0 0 0 0 1 3 0 0 0 0
-0.702346 0 0 0 0 0 0 0 3 1 0 0 0
0.106220 0 0 0 0 0 0 0 3 0 1 0 0
0.169983 0 0 0 0 0 0 0 3 0 0 1 0
-0.768553 0 0 0 0 0 0 0 3 0 0 0 1
-0.405268 1 0 0 0 0 0 0 0 3 0 0 0
0.159008 0 1 0 0 0 0 0 0 3 0 0 0
0.155686 0 0 1 0 0 0 0 0 3 0 0 0
-0.837131 0 0 0 1 0 0 0 0 3 0 0 0
-0.948288 0 0 0 0 1 0 0 0 3 0 0 0
-0.517827 0 0 0 0 0 1 0 0 3 0 0 0
0.873926 0 0 0 0 0 0 1 0 3 0 0 0
-0.207326 0 0 0 0 0 0 0 1 3 0 0 0
-0.673697 0 0 0 0 0 0 0 0 3 1 0 0
0.364254 0 0 0 0 0 0 0 0 3 0 1 0
-0.589709 0 0 0 0 0 0 0 0 3 0 0 1
0.142304 1 0 0 0 0 0 0 0 0 3 0 0
-0.901830 0 1 0 0 0 0 0 0 0 3 0 0
-0.586148 0 0 1 0 0 0 0 0 0 3 0 0
-0.865896 0 0 0 1 0 0 0 0 0 3 0 0
0.542738 0 0 0 0 1 0 0 0 0 3 0 0
-0.698252 0 0 0 0 0 1 0 0 0 3 0 0
0.654589 0 0 0 0 0 0 1 0 0 3 0 0
0.798511 0 0 0 0 0 0 0 1 0 3 0 0
-0.373560 0 0 0 0 0 0 0 0 1 3 0 0
0.776742 0 0 0 0 0 0 0 0 0 3 1 0
0.588175 0 0 0 0 0 0 0 0 0 3 0 1
0.882662 1 0 0 0 0 0 0 0 0 0 3 0
-0.401531 0 1 0 0 0 0 0 0 0 0 3 0
-0.204311 0 0 1 0 0 0 0 0 0 0 3 0
-0.005917 0 0 0 1 0 0 0 0 0 0 3 0
0.622902 0 0 0 0 1 0 0 0 0 0 3 0
-0.074837 0 0 0 0 0 1 0 0 0 0 3 0
0.691094 0 0 0 0 0 0 1 0 0 0 3 0
-0.931521 0 0 0 0 0 0 0 1 0 0 3 0
0.621182 0 0 0 0 0 0 0 0 1 0 3 0
0.418442 0 0 0 0 0 0 0 0 0 1 3 0
-0.326926 0 0 0 0 0 0 0 0 0 0 3 1
0.153276 1 0 0 0 0 0 0 0 0 0 0 3
0.658597 0 1 0 0 0 0 0 0 0 0 0 3
0.922299 0 0 1 0 0 0 0 0 0 0 0 3
0.993621 0 0 0 1 0 0 0 0 0 0 0 3
-0.035653 0 0 0 0 1 0 0 0 0 0 0 3
-0.735487 0 0 0 0 0 1 0 0 0 0 0 3
-0.576161 0 0 0 0 0 0 1 0 0 0 0 3
-0.104450 0 0 0 0 0 0 0 1 0 0 0 3
-0.287208 0 0 0 0 0 0 0 0 1 0 0 3
-0.043674 0 0 0 0 0 0 0 0 0 1 0 3
0.461308 0 0 0 0 0 0 0 0 0 0 1 3
