0.684247 3 1 0 0 0 0 0 0 0 0 0 0 0 0
-0.411231 3 0 1 0 0 0 0 0 0 0 0 0 0 0
-0.912599 3 0 0 1 0 0 0 0 0 0 0 0 0 0
-0.379349 3 0 0 0 1 0 0 0 0 0 0 0 0 0
0.377261 3 0 0 0 0 1 0 0 0 0 0 0 0 0
0.413272 3 0 0 0 0 0 1 0 0 0 0 0 0 0
0.092699 3 0 0 0 0 0 0 1 0 0 0 0 0 0
-0.892059 3 0 0 0 0 0 0 0 1 0 0 0 0 0
0.611134 3 0 0 0 0 0 0 0 0 1 0 0 0 0
0.381916 3 0 0 0 0 0 0 0 0 0 1 0 0 0
0.149521 3 0 0 0 0 0 0 0 0 0 0 1 0 0
0.244619 3 0 0 0 0 0 0 0 0 0 0 0 1 0
0.689719 3 0 0 0 0 0 0 0 0 0 0 0 0 1
-0.651218 1 3 0 0 0 0 0 0 0 0 0 0 0 0
0.087726 0 3 1 0 0 0 0 0 0 0 0 0 0 0
0.522064 0 3 0 1 0 0 0 0 0 0 0 0 0 0
0.244280 0 3 0 0 1 0 0 0 0 0 0 0 0 0
-0.578098 0 3 0 0 0 1 0 0 0 0 0 0 0 0
0.435904 0 3 0 0 0 0 1 0 0 0 0 0 0 0
0.555997 0 3 0 0 0 0 0 1 0 0 0 0 0 0
0.190693 0 3 0 0 0 0 0 0 1 0 0 0 0 0
0.334703 0 3 0 0 0 0 0 0 0 1 0 0 0 0
0.112895 0 3 0 0 0 0 0 0 0 0 1 0 0 0
0.557460 0 3 0 0 0 0 0 0 0 0 0 1 0 0
0.172281 0 3 0 0 0 0 0 0 0 0 0 0 1 0
-0.733423 0 3 0 0 0 0 0 0 0 0 0 0 0 1
0.992732 1 0 3 0 0 0 0 0 0 0 0 0 0 0
-0.565906 0 1 3 0 0 0 0 0 0 0 0 0 0 0
-0.148106 0 0 3 1 0 0 0 0 0 0 0 0 0 0
0.538469 0 0 3 0 1 0 0 0 0 0 0 0 0 0
0.382927 0 0 3 0 0 1 0 0 0 0 0 0 0 0
0.581828 0 0 3 0 0 0 1 0 0 0 0 0 0 0
-0.515543 0 0 3 0 0 0 0 1 0 0 0 0 0 0
-0.000731 0 0 3 0 0 0 0 0 1 0 0 0 0 0
-0.331506 0 0 3 0 0 0 0 0 0 1 0 0 0 0
0.510315 0 0 3 0 0 0 0 0 0 0 1 0 0 0
0.956269 0 0 3 0 0 0 0 0 0 0 0 1 0 0
-0.619008 0 0 3 0 0 0 0 0 0 0 0 0 1 0
-0.179777 0 0 3 0 0 0 0 0 0 0 0 0 0 1
-0.940089 1 0 0 3 0 0 0 0 0 0 0 0 0 0
0.996735 0 1 0 3 0 0 0 0 0 0 0 0 0 0
0.836579 0 0 1 3 0 0 0 0 0 0 0 0 0 0
-0.446644 0 0 0 3 1 0 0 0 0 0 0 0 0 0
0.194444 0 0 0 3 0 1 0 0 0 0 0 0 0 0
0.499486 0 0 0 3 0 0 1 0 0 0 0 0 0 0
-0.622175 0 0 0 3 0 0 0 1 0 0 0 0 0 0
-0.142224 0 0 0 3 0 0 0 0 1 0 0 0 0 0
-0.620062 0 0 0 3 0 0 0 0 0 1 0 0 0 0
-0.468518 0 0 0 3 0 0 0 0 0 0 1 0 0 0
0.065822 0 0 0 3 0 0 0 0 0 0 0 1 0 0
0.806804 0 0 0 3 0 0 0 0 0 0 0 0 1 0
0.496048 0 0 0 3 0 0 0 0 0 0 0 0 0 1
-0.827576 1 0 0 0 3 0 0 0 0 0 0 0 0 0
0.362625 0 1 0 0 3 0 0 0 0 0 0 0 0 0
-0.772980 0 0 1 0 3 0 0 0 0 0 0 0 0 0
0.373394 0 0 0 1 3 0 0 0 0 0 0 0 0 0
-0.953709 0 0 0 0 3 1 0 0 0 0 0 0 0 0
0.731642 0 0 0 0 3 0 1 0 0 0 0 0 0 0
-0.862553 0 0 0 0 3 0 0 1 0 0 0 0 0 0
0.602446 0 0 0 0 3 0 0 0 1 0 0 0 0 0
-0.860202 0 0 0 0 3 0 0 0 0 1 0 0 0 0
0.979403 0 0 0 0 3 0 0 0 0 0 1 0 0 0
0.062831 0 0 0 0 3 0 0 0 0 0 0 1 0 0
0.971648 0 0 0 0 3 0 0 0 0 0 0 0 1 0
0.311685 0 0 0 0 3 0 0 0 0 0 0 0 0 1
0.071980 1 0 0 0 0 3 0 0 0 0 0 0 0 0
-0.919166 0 1 0 0 0 3 0 0 0 0 0 0 0 0
-0.004820 0 0 1 0 0 3 0 0 0 0 0 0 0 0
0.684985 0 0 0 1 0 3 0 0 0 0 0 0 0 0
-0.336671 0 0 0 0 1 3 0 0 0 0 0 0 0 0
0.952154 0 0 0 0 0 3 1 0 0 0 0 0 0 0
-0.399696 0 0 0 0 0 3 0 1 0 0 0 0 0 0
-0.985640 0 0 0 0 0 3 0 0 1 0 0 0 0 0
-0.514054 0 0 0 0 0 3 0 0 0 1 0 0 0 0
-0.331764 0 0 0 0 0 3 0 0 0 0 1 0 0 0
0.022018 0 0 0 0 0 3 0 0 0 0 0 1 0 0
0.793682 0 0 0 0 0 3 0 0 0 0 0 0 1 0
-0.219564 0 0 0 0 0 3 0 0 0 0 0 0 0 1
-0.610529 1 0 0 0 0 0 3 0 0 0 0 0 0 0
-0.637259 0 1 0 0 0 0 3 0 0 0 0 0 0 0
-0.327669 0 0 1 0 0 0 3 0 0 0 0 0 0 0
0.075003 0 0 0 1 0 0 3 0 0 0 0 0 0 0
-0.108033 0 0 0 0 1 0 3 0 0 0 0 0 0 0
0.601564 0 0 0 0 0 1 3 0 0 0 0 0 0 0
0.776682 0 0 0 0 0 0 3 1 0 0 0 0 0 0
0.189569 0 0 0 0 0 0 3 0 1 0 0 0 0 0
0.422285 0 0 0 0 0 0 3 0 0 1 0 0 0 0
0.962632 0 0 0 0 0 0 3 0 0 0 1 0 0 0
0.591095 0 0 0 0 0 0 3 0 0 0 0 1 0 0
0.326798 0 0 0 0 0 0 3 0 0 0 0 0 1 0
0.554416 0 0 0 0 0 0 3 0 0 0 0 0 0 1
-0.098692 1 0 0 0 0 0 0 3 0 0 0 0 0 0
-0.592890 0 1 0 0 0 0 0 3 0 0 0 0 0 0
-0.826828 0 0 1 0 0 0 0 3 0 0 0 0 0 0
-0.346786 0 0 0 1 0 0 0 3 0 0 0 0 0 0
0.546168 0 0 0 0 1 0 0 3 0 0 0 0 0 0
0.088731 0 0 0 0 0 1 0 3 0 0 0 0 0 0
0.846228 0 0 0 0 0 0 1 3 0 0 0 0 0 0
-0.001213 0 0 0 0 0 0 0 3 1 0 0 0 0 0
-0.674063 0 0 0 0 0 0 0 3 0 1 0 0 0 0
-0.900787 0 0 0 0 0 0 0 3 0 0 1 0 0 0
0.483557 0 0 0 0 0 0 0 3 0 0 0 1 0 0
-0.303494 0 0 0 0 0 0 0 3 0 0 0 0 1 0
-0.312871 0 0 0 0 0 0 0 3 0 0 0 0 0 1
-0.163122 1 0 0 0 0 0 0 0 3 0 0 0 0 0
0.657925 0 1 0 0 0 0 0 0 3 0 0 0 0 0
-0.368867 0 0 1 0 0 0 0 0 3 0 0 0 0 0
-0.483933 0 0 0 1 0 0 0 0 3 0 0 0 0 0
0.220618 0 0 0 0 1 0 0 0 3 0 0 0 0 0
0.668275 0 0 0 0 0 1 0 0 3 0 0 0 0 0
0.366911 0 0 0 0 0 0 1 0 3 0 0 0 0 0
-0.388684 0 0 0 0 0 0 0 1 3 0 0 0 0 0
-0.671269 0 0 0 0 0 0 0 0 3 1 0 0 0 0
0.628921 0 0 0 0 0 0 0 0 3 0 1 0 0 0
-0.154089 0 0 0 0 0 0 0 0 3 0 0 1 0 0
0.319519 0 0 0 0 0 0 0 0 3 0 0 0 1 0
-0.370633 0 0 0 0 0 0 0 0 3 0 0 0 0 1
0.687757 1 0 0 0 0 0 0 0 0 3 0 0 0 0
-0.768011 0 1 0 0 0 0 0 0 0 3 0 0 0 0
-0.818128 0 0 1 0 0 0 0 0 0 3 0 0 0 0
0.804662 0 0 0 1 0 0 0 0 0 3 0 0 0 0
0.641890 0 0 0 0 1 0 0 0 0 3 0 0 0 0
-0.365874 0 0 0 0 0 1 0 0 0 3 0 0 0 0
-0.849112 0 0 0 0 0 0 1 0 0 3 0 0 0 0
-0.679497 0 0 0 0 0 0 0 1 0 3 0 0 0 0
-0.307027 0 0 0 0 0 0 0 0 1 3 0 0 0 0
0.562871 0 0 0 0 0 0 0 0 0 3 1 0 0 0
-0.375860 0 0 0 0 0 0 0 0 0 3 0 1 0 0
0.467594 0 0 0 0 0 0 0 0 0 3 0 0 1 0
-0.751476 0 0 0 0 0 0 0 0 0 3 0 0 0 1
-0.491821 1 0 0 0 0 0 0 0 0 0 3 0 0 0
0.653162 0 1 0 0 0 0 0 0 0 0 3 0 0 0
0.600433 0 0 1 0 0 0 0 0 0 0 3 0 0 0
0.318039 0 0 0 1 0 0 0 0 0 0 3 0 0 0
0.400339 0 0 0 0 1 0 0 0 0 0 3 0 0 0
0.915587 0 0 0 0 0 1 0 0 0 0 3 0 0 0
-0.567016 0 0 0 0 0 0 1 0 0 0 3 0 0 0
-0.288515 0 0 0 0 0 0 0 1 0 0 3 0 0 0
0.033413 0 0 0 0 0 0 0 0 1 0 3 0 0 0
0.340147 0 0 0 0 0 0 0 0 0 1 3 0 0 0
-0.942687 0 0 0 0 0 0 0 0 0 0 3 1 0 0
-0.307292 0 0 0 0 0 0 0 0 0 0 3 0 1 0
-0.817819 0 0 0 0 0 0 0 0 0 0 3 0 0 1
-0.492826 1 0 0 0 0 0 0 0 0 0 0 3 0 0
0.197225 0 1 0 0 0 0 0 0 0 0 0 3 0 0
-0.361631 0 0 1 0 0 0 0 0 0 0 0 3 0 0
-0.666427 0 0 0 1 0 0 0 0 0 0 0 3 0 0
0.219596 0 0 0 0 1 0 0 0 0 0 0 3 0 0
-0.561284 0 0 0 0 0 1 0 0 0 0 0 3 0 0
-0.873684 0 0 0 0 0 0 1 0 0 0 0 3 0 0
-0.374008 0 0 0 0 0 0 0 1 0 0 0 3 0 0
-0.478025 0 0 0 0 0 0 0 0 1 0 0 3 0 0
0.052190 0 0 0 0 0 0 0 0 0 1 0 3 0 0
-0.380082 0 0 0 0 0 0 0 0 0 0 1 3 0 0
-0.827805 0 0 0 0 0 0 0 0 0 0 0 3 1 0
0.747358 0 0 0 0 0 0 0 0 0 0 0 3 0 1
-0.431757 1 0 0 0 0 0 0 0 0 0 0 0 3 0
0.175598 0 1 0 0 0 0 0 0 0 0 0 0 3 0
0.588949 0 0 1 0 0 0 0 0 0 0 0 0 3 0
0.293533 0 0 0 1 0 0 0 0 0 0 0 0 3 0
-0.254062 0 0 0 0 1 0 0 0 0 0 0 0 3 0
-0.271904 0 0 0 0 0 1 0 0 0 0 0 0 3 0
0.528263 0 0 0 0 0 0 1 0 0 0 0 0 3 0
0.660333 0 0 0 0 0 0 0 1 0 0 0 0 3 0
0.702691 0 0 0 0 0 0 0 0 1 0 0 0 3 0
-0.668718 0 0 0 0 0 0 0 0 0 1 0 0 3 0
-0.389750 0 0 0 0 0 0 0 0 0 0 1 0 3 0
0.128373 0 0 0 0 0 0 0 0 0 0 0 1 3 0
-0.748829 0 0 0 0 0 0 0 0 0 0 0 0 3 1
0.600411 1 0 0 0 0 0 0 0 0 0 0 0 0 3
0.995128 0 1 0 0 0 0 0 0 0 0 0 0 0 3
0.097017 0 0 1 0 0 0 0 0 0 0 0 0 0 3
0.203668 0 0 0 1 0 0 0 0 0 0 0 0 0 3
0.595968 0 0 0 0 1 0 0 0 0 0 0 0 0 3
0.882129 0 0 0 0 0 1 0 0 0 0 0 0 0 3
-0.459437 0 0 0 0 0 0 1 0 0 0 0 0 0 3
0.865435 0 0 0 0 0 0 0 1 0 0 0 0 0 3
-0.959349 0 0 0 0 0 0 0 0 1 0 0 0 0 3
0.243923 0 0 0 0 0 0 0 0 0 1 0 0 0 3
-0.580939 0 0 0 0 0 0 0 0 0 0 1 0 0 3
0.771336 0 0 0 0 0 0 0 0 0 0 0 1 0 3
-0.220528 0 0 0 0 0 0 0 0 0 0 0 0 1 3
