-0.049248 3 1 0 0 0 0 0 0
-0.977130 3 0 1 0 0 0 0 0
0.252015 3 0 0 1 0 0 0 0
-0.780670 3 0 0 0 1 0 0 0
-0.045624 3 0 0 0 0 1 0 0
-0.323245 3 0 0 0 0 0 1 0
0.425406 3 0 0 0 0 0 0 1
-0.121854 1 3 0 0 0 0 0 0
-0.371591 0 3 1 0 0 0 0 0
0.129604 0 3 0 1 0 0 0 0
0.259041 0 3 0 0 1 0 0 0
0.682988 0 3 0 0 0 1 0 0
0.548263 0 3 0 0 0 0 1 0
-0.139414 0 3 0 0 0 0 0 1
0.048057 1 0 3 0 0 0 0 0
-0.197704 0 1 3 0 0 0 0 0
0.559209 0 0 3 1 0 0 0 0
0.561384 0 0 3 0 1 0 0 0
-0.722079 0 0 3 0 0 1 0 0
-0.252206 0 0 3 0 0 0 1 0
-0.903870 0 0 3 0 0 0 0 1
-0.562219 1 0 0 3 0 0 0 0
0.726166 0 1 0 3 0 0 0 0
-0.938463 0 0 1 3 0 0 0 0
0.800379 0 0 0 3 1 0 0 0
0.070227 0 0 0 3 0 1 0 0
0.111692 0 0 0 3 0 0 1 0
-0.816647 0 0 0 3 0 0 0 1
0.534689 1 0 0 0 3 0 0 0
-0.328532 0 1 0 0 3 0 0 0
-0.969860 0 0 1 0 3 0 0 0
0.271611 0 0 0 1 3 0 0 0
0.941505 0 0 0 0 3 1 0 0
0.841175 0 0 0 0 3 0 1 0
0.380614 0 0 0 0 3 0 0 1
0.875221 1 0 0 0 0 3 0 0
0.629531 0 1 0 0 0 3 0 0
-0.416997 0 0 1 0 0 3 0 0
-0.812018 0 0 0 1 0 3 0 0
-0.999426 0 0 0 0 1 3 0 0
-0.774614 0 0 0 0 0 3 1 0
0.519574 0 0 0 0 0 3 0 1
-0.308188 1 0 0 0 0 0 3 0
0.019210 0 1 0 0 0 0 3 0
-0.836374 0 0 1 0 0 0 3 0
-0.832333 0 0 0 1 0 0 3 0
0.210167 0 0 0 0 1 0 3 0
0.219651 0 0 0 0 0 1 3 0
0.818806 0 0 0 0 0 0 3 1
0.364884 1 0 0 0 0 0 0 3
0.362249 0 1 0 0 0 0 0 3
-0.350233 0 0 1 0 0 0 0 3
-0.865843 0 0 0 1 0 0 0 3
0.863606 0 0 0 0 1 0 0 3
-0.764163 0 0 0 0 0 1 0 3
-0.133581 0 0 0 0 0 0 1 3
